   5.6113e+02  -2.5848e-16   3.3802e-18  -4.4460e-20  -3.9954e-13   1.0565e-13   6.3053e-09   6.3276e-17  -3.4873e-14  -9.1252e-19   6.6302e-14  -2.2706e-14  -2.1391e-15   4.6921e-10   1.4028e-12  -7.8266e-09   5.7809e-10  -6.4484e-11  -8.8480e-13   1.2655e-21  -7.2528e-09   3.0549e-13   1.8769e-11  -2.9175e-09   2.0460e-16   2.0719e-12  -1.1086e-11   2.9702e-12   4.2647e-10  -1.1548e-13  -1.1052e-18   1.5005e-20   1.5414e-11   4.3242e-17   6.5765e-14   7.3180e-09  -2.1970e-11  -1.5155e-17  -1.6720e-20   1.5508e-16  -6.0591e-09   4.2463e-14  -3.8975e-18   2.8606e-14  -4.7577e-16   7.1661e-10  -5.9630e-10  -2.0807e-16  -1.1095e-11   4.4367e-10  -1.8826e-18  -1.1835e-19  -1.6442e-09   3.0805e-14   6.8846e-12   2.3847e-19  -5.1447e-15   1.5525e-09  -9.3473e-12  -8.6022e-12   1.4604e-13   1.8046e-14  -1.9582e-18   8.6245e-17   4.0568e-09   9.4052e-15  -5.2822e-15  -2.4041e-11   1.9713e-14  -6.0494e-10  -2.3078e-10   3.0468e-11   1.1473e-09  -4.4979e-19   2.6437e-09  -4.9922e-15   2.5291e-26  -1.5324e-09   5.2541e-14   1.5559e-10  -1.1239e-15   5.6973e-17   6.2739e-17  -4.3347e-13   1.4722e-12  -2.0128e-10   6.1278e-11  -1.2186e-11  -1.6604e-16  -1.9159e-11   1.7702e-09  -1.3150e-14   3.4308e-16  -1.0361e-10  -1.1186e-16   6.6581e-11   6.2398e-18   2.4918e-11   4.8263e-16
  -2.5848e-16   1.1937e+03   3.3116e-11   5.0059e-19   1.6108e-09  -3.9802e-14  -1.1847e-13   1.6526e-13   1.5577e-10   1.6892e-12   1.2016e-17  -2.0184e-21  -3.8252e-20  -1.9668e-14   4.5035e-12  -8.4284e-16  -5.0535e-17  -3.0026e-16   4.0017e-10  -2.8755e-11   1.4553e-09  -3.7453e-15  -1.2433e-10   1.6511e-11  -8.6976e-14   1.6059e-18   3.1702e-10  -3.3897e-21  -6.2610e-09   3.1750e-14   5.7791e-16  -9.1028e-16  -3.2468e-15  -7.4962e-17  -1.3212e-12  -4.2328e-19   3.0850e-16  -3.7765e-22  -4.1457e-15  -2.4713e-13  -7.2982e-19   2.6551e-11  -1.2918e-14   6.1188e-18   1.5860e-12  -1.7749e-19  -4.4782e-10  -6.1639e-09   4.6769e-19   1.1207e-18  -2.7713e-19   2.8126e-14  -3.7260e-17  -2.6531e-11   5.0407e-11   9.8692e-12  -2.7457e-16  -2.4266e-15  -9.9925e-10  -8.5135e-10  -6.9107e-16  -1.4864e-12  -1.5673e-11   5.3805e-16   5.7230e-10  -5.9600e-14   1.1599e-10   1.2478e-11  -2.1549e-19  -1.8230e-13   2.6633e-16  -2.3458e-11   2.4144e-10   2.7502e-18  -1.2355e-09  -1.7958e-12  -3.0021e-11  -2.0913e-11  -3.5697e-17  -1.1382e-12   1.3635e-10   9.9652e-16   1.6256e-15   4.6357e-10  -1.0946e-09   9.3584e-09   1.4984e-18   3.8904e-14   5.0050e-11   5.8550e-09   1.1286e-15   1.8395e-13   1.4325e-09  -7.0079e-13   1.0686e-15   4.8482e-10   5.6210e-15   3.4451e-18   2.7024e-11
   3.3802e-18   3.3116e-11   1.6120e+02  -6.6871e-14  -5.1957e-11   5.6422e-11   1.2292e-14  -2.5770e-13  -1.1815e-18   9.8534e-12   4.7987e-14  -5.8337e-13   2.3642e-12   1.0076e-13   1.4623e-14  -7.0693e-15  -3.4243e-10   6.6985e-14        0e+00   1.7753e-14   2.6775e-16   3.0036e-14  -5.7661e-13  -5.1591e-17   7.7418e-11   9.7948e-12  -3.3552e-16  -4.3139e-19   2.6120e-10   6.4632e-12  -2.0964e-26   1.3366e-18  -1.4866e-10  -8.6272e-12   5.9133e-09   5.1454e-20  -1.1437e-09  -1.9465e-18   7.7728e-13   2.4596e-10   6.7856e-19  -1.9798e-23   4.4098e-19  -3.7846e-12  -8.1303e-14  -3.7153e-10  -1.2357e-09  -2.8538e-09  -1.7713e-13  -1.0592e-13  -5.9613e-12   4.3702e-11   1.0839e-17   5.8092e-10   1.3310e-10   4.9323e-10  -8.5270e-15  -1.0881e-12  -1.6356e-12   3.8846e-14  -3.6437e-19   1.4942e-10   8.7519e-10  -6.8094e-09   3.2457e-09  -1.7536e-15  -5.9628e-14  -2.6097e-11   4.2012e-10   1.1741e-14  -1.5439e-10   2.0838e-09  -2.5214e-13   7.5889e-17   1.3085e-10  -3.3937e-11  -2.6963e-11   5.4912e-21  -7.2658e-11   1.2692e-10   7.7398e-10  -1.7960e-14   1.2477e-09   1.1263e-18  -7.7780e-14   1.5397e-13   1.5747e-14   1.3258e-11  -6.1235e-09   9.6179e-13   2.9741e-14  -3.6176e-20   1.9414e-12  -6.2452e-11  -4.2354e-13  -5.5978e-09  -2.5577e-12  -1.6627e-11  -7.5808e-14
  -4.4460e-20   5.0059e-19  -6.6871e-14   1.4837e+03   8.3253e-14   2.2988e-14  -2.4264e-13  -3.0613e-14   2.9500e-10   1.5737e-11  -7.8780e-14   4.4683e-14  -7.5790e-15  -1.9029e-12  -1.1680e-13  -3.8735e-09   4.4945e-16   1.0070e-11   7.1385e-20  -1.7152e-14  -2.3637e-10   7.8731e-17   7.6411e-16   1.4134e-17   4.1521e-09  -3.8023e-13  -4.4327e-11   2.7754e-17  -1.3024e-10  -2.0325e-11  -6.0848e-15  -8.8981e-14   4.7119e-12  -1.2503e-18   7.5453e-16  -7.1520e-09  -2.3522e-10  -6.2619e-13   2.0100e-14  -6.2554e-15  -1.0725e-10  -2.4595e-10   1.3980e-13   5.6243e-09   8.8892e-11  -6.7152e-10   2.6053e-16   1.2292e-10   3.3505e-14   2.6825e-10   1.3572e-10   1.9302e-17  -6.2586e-11   1.9207e-17  -8.1899e-15  -5.5210e-19   2.8826e-12   4.8109e-15  -6.0703e-09   8.4915e-10  -7.3763e-11   1.9845e-13  -1.2982e-15  -2.6551e-22  -2.9976e-22  -2.3396e-17  -2.3164e-11   5.6308e-11   9.4111e-17   9.1339e-10   1.0098e-10   1.9826e-12  -3.4539e-12  -1.0136e-11   2.7801e-16        0e+00  -1.0828e-18   6.4184e-16   6.7954e-15   1.0336e-12   1.7957e-11   2.3035e-10   1.4887e-13   5.7074e-13   3.9507e-12   8.6558e-09  -1.1244e-14  -1.2139e-19  -6.3193e-11  -5.1460e-15  -7.1627e-16  -1.1116e-18   6.1588e-12  -1.3071e-10  -2.6004e-13   3.3705e-15   4.6509e-13   2.2833e-14   5.2008e-09
  -3.9954e-13   1.6108e-09  -5.1957e-11   8.3253e-14   4.7836e+01  -1.6080e-13   1.5934e-13   2.4025e-15   6.1037e-15  -2.0506e-19  -9.7813e-13  -7.8026e-16   4.2711e-15  -1.7233e-09  -9.4029e-13   1.3072e-09  -3.8871e-09  -3.8113e-10   1.1414e-14   1.2883e-14   8.3328e-09   5.6010e-10  -2.1204e-10   2.0643e-12  -4.9378e-12  -1.6910e-13   7.7086e-11  -1.1505e-09   7.6931e-11   3.8210e-11  -3.2267e-11   4.3706e-12   1.1589e-17  -1.2297e-19   4.8726e-12  -2.2735e-15   4.4343e-21   9.5700e-10   2.8721e-10   9.2516e-13   1.3177e-12   6.1197e-11   3.2340e-14  -7.4021e-10   8.9813e-13   1.0562e-11   1.0263e-12   1.5445e-14  -4.2288e-13  -1.3434e-18  -5.1578e-16  -6.3228e-12  -3.8150e-11  -2.4556e-13  -2.8455e-17   2.1872e-13   1.5709e-10  -1.1033e-15   1.5434e-14   1.5707e-10  -1.1080e-13  -1.0835e-11   1.9587e-14   7.2221e-10   8.3677e-20  -1.3844e-13   7.9140e-16   7.6330e-11   2.8230e-09   9.9327e-12  -1.5799e-20   5.1523e-16   4.9622e-14   5.9956e-16  -2.2304e-10   9.7545e-16   2.5030e-18  -4.1941e-16  -7.2907e-18   7.5325e-09  -1.5687e-15  -9.5064e-12  -9.3571e-11  -1.6972e-12  -9.6586e-16  -8.4335e-10   3.0706e-12  -2.1102e-14   6.9313e-13   6.3195e-12  -7.0757e-15   2.2036e-10  -5.4113e-09   1.3831e-17  -8.1052e-13  -5.8443e-13   1.6722e-11   6.2004e-15  -1.1468e-10
   1.0565e-13  -3.9802e-14   5.6422e-11   2.2988e-14  -1.6080e-13   9.5823e+02  -3.2048e-16  -1.1422e-10  -2.6943e-15  -4.5009e-11   3.8537e-10   3.9433e-12  -1.8242e-18   5.1760e-09   1.0345e-19   1.0841e-11        0e+00  -2.9140e-11   4.0197e-15   6.2057e-11   4.0761e-17  -9.3018e-09  -7.5594e-13   3.2269e-13   7.8965e-10  -2.2835e-14   1.0816e-09  -6.1208e-25   3.0363e-10  -9.5298e-12   3.2874e-14  -4.8213e-13   3.5196e-09  -1.3756e-10  -7.7492e-17   4.2921e-13   1.5589e-13  -4.8489e-11   1.5768e-15   2.5227e-17  -2.5560e-10   9.5415e-09  -1.5388e-09   1.2561e-15  -1.6176e-14  -8.5224e-17   1.6870e-19  -9.6317e-19  -1.0772e-17  -1.2764e-10   5.6072e-11  -2.2751e-10   5.2721e-09  -2.8331e-19   3.8957e-18   5.0375e-18   4.3691e-15  -4.6758e-16  -5.9808e-13  -5.1713e-14   2.4554e-09   8.4160e-09   2.2578e-11   4.0710e-15   8.8680e-11   8.1459e-10   1.1270e-12  -7.4884e-16   6.9285e-15   1.8153e-12  -6.2188e-14  -1.5066e-20   3.0137e-10   1.4566e-12   4.4721e-14   3.7816e-18  -8.2006e-15   1.2908e-12   8.0369e-10  -3.7227e-10   6.2557e-16  -4.2292e-09  -3.9342e-09  -3.0334e-10   3.6519e-09   6.8492e-12   1.1945e-13   2.7910e-18  -5.3226e-16  -1.4736e-15   2.1954e-15  -8.5041e-11   1.2797e-12   3.6333e-14  -4.9167e-17  -6.2479e-10   9.4398e-10  -7.8774e-19   1.8824e-15
   6.3053e-09  -1.1847e-13   1.2292e-14  -2.4264e-13   1.5934e-13  -3.2048e-16   3.5869e+02  -7.0762e-20   1.7679e-15   4.8802e-09   7.1272e-16   1.1383e-11  -1.0121e-10   1.9273e-17  -6.0495e-13  -6.0283e-16   6.6734e-18  -2.4078e-10  -1.5804e-12   4.9264e-09   1.4654e-16  -6.4584e-17   3.2925e-18   3.0563e-10   5.1082e-10  -4.0773e-17  -1.9090e-16  -1.3276e-14  -2.1125e-16  -8.6120e-12   2.1172e-24   8.5144e-11   7.1646e-10   5.5957e-11   2.7146e-09  -2.0463e-13  -5.7165e-14   7.5502e-15   3.5725e-14  -8.1606e-16   1.1279e-18  -5.3655e-16  -3.5684e-09  -1.8129e-11   1.8957e-11   3.6914e-12  -5.4545e-14   1.8447e-15   3.3012e-10  -2.9513e-14   4.5550e-14  -7.2394e-13   9.5153e-20  -1.4392e-12   2.2893e-16   8.5511e-12   7.6804e-11   3.2902e-11   9.4955e-12   1.3071e-18   3.5102e-13  -7.2950e-11  -2.1860e-12  -2.9487e-14   4.1570e-14  -1.9470e-12   3.5784e-20  -1.9334e-11        0e+00  -5.9497e-09   5.6955e-12   1.3175e-09   8.6112e-18  -4.4609e-14   1.5641e-11   2.2204e-19   4.9023e-13   1.0080e-15  -2.4055e-17   4.5488e-11  -1.6942e-19   6.9291e-14   3.0550e-22   6.0514e-11   3.0163e-09  -8.9862e-11   1.0687e-14  -3.6241e-10   3.5467e-12  -2.9909e-11   6.6831e-15   1.7787e-15  -4.8836e-13  -3.1602e-10   8.2995e-10  -2.3512e-19  -2.4496e-09  -1.6511e-12   1.1129e-21
   6.3276e-17   1.6526e-13  -2.5770e-13  -3.0613e-14   2.4025e-15  -1.1422e-10  -7.0762e-20   1.3915e+03   6.5739e-13   7.9387e-12  -8.7882e-13  -8.7396e-15   9.5611e-17  -2.4832e-09   1.4620e-09  -3.6310e-15   3.0781e-11  -1.0770e-09  -2.7534e-12   1.3905e-19  -2.5959e-16  -4.1902e-14   2.5303e-11   5.3162e-09  -1.9472e-13   3.7469e-16  -1.2668e-13  -2.3038e-13   3.4316e-14   4.2546e-12   2.9472e-13  -3.6676e-19  -1.5717e-13  -1.3502e-15   7.7878e-11  -5.5936e-17   1.1329e-16  -8.6255e-14   6.1233e-19  -1.5125e-10   1.9915e-12  -7.0490e-13   2.0024e-13   2.2714e-11  -1.6410e-10  -9.1321e-16  -1.6953e-16  -5.3486e-09  -7.7855e-16  -1.9376e-16   3.7891e-17   3.0279e-21   7.1085e-11  -3.9050e-14  -8.5059e-15   1.3422e-14  -5.4617e-19  -2.1028e-11   4.7077e-14   1.4510e-16  -1.1311e-11   2.4722e-14  -1.4480e-14  -7.2781e-18   6.4153e-15   1.1935e-18  -1.2132e-14  -1.3020e-10  -1.9160e-10   1.3870e-11  -6.8669e-19  -2.3062e-10   1.2547e-11  -1.6612e-12   1.4414e-12   8.7880e-11   2.1658e-13  -5.1557e-15   2.9394e-13  -2.8630e-18   4.8812e-09   1.1248e-19  -4.7966e-09   1.1497e-19  -2.1878e-09  -6.4415e-11  -1.6515e-12  -6.0962e-16   4.0300e-11   2.6988e-09  -2.8604e-15  -8.2872e-17   5.9589e-12   7.1361e-14   1.7388e-15  -4.1519e-12   3.7592e-12   2.7320e-09  -1.1520e-17
  -3.4873e-14   1.5577e-10  -1.1815e-18   2.9500e-10   6.1037e-15  -2.6943e-15   1.7679e-15   6.5739e-13   7.4329e+01   3.9392e-11  -2.6909e-09  -8.1721e-14  -6.9957e-16  -7.9384e-19   1.5370e-14  -1.5634e-12  -1.2872e-13  -4.6742e-16   1.4633e-17  -1.4240e-11  -1.8380e-10  -1.7352e-12   8.5742e-11  -4.0476e-14   2.2320e-18   8.0657e-13   3.8925e-10   5.2184e-17   1.1333e-10  -2.9980e-20  -1.0829e-12   1.1305e-10  -5.0434e-14   2.2546e-21   3.2033e-16  -6.7989e-12  -1.6403e-15  -1.4710e-16  -2.8984e-16  -5.2743e-28  -1.7445e-14   1.1604e-14  -8.0016e-15  -1.3669e-09  -5.6881e-10  -6.4867e-13   2.2860e-19   5.3828e-12  -5.2775e-11   2.7403e-12   4.8329e-09  -6.7762e-15  -7.1923e-10   3.0326e-17        0e+00   5.2197e-16   2.2239e-13  -4.8305e-09   4.3471e-13  -9.3145e-09  -1.0454e-11  -5.9004e-16  -6.2520e-12  -1.3273e-17  -4.7824e-19   2.5962e-11   9.1822e-23  -2.0251e-10   3.7907e-13  -8.8767e-11  -8.0913e-11   2.8397e-11  -1.3008e-15   3.3110e-11   3.3713e-18  -1.4903e-12  -8.9497e-19  -1.6438e-10   9.3888e-18   7.9870e-10   5.4253e-19  -5.8999e-18   8.6420e-12  -1.6004e-09  -3.9368e-15   1.6368e-15  -1.9058e-10  -1.0365e-14  -4.5131e-13  -1.7252e-16  -1.9124e-10  -4.0159e-09   5.2467e-12   3.0358e-19  -2.7068e-14  -5.5739e-14   5.9915e-09   7.8923e-20  -6.2984e-11
  -9.1252e-19   1.6892e-12   9.8534e-12   1.5737e-11  -2.0506e-19  -4.5009e-11   4.8802e-09   7.9387e-12   3.9392e-11   1.1028e+03   5.7702e-10        0e+00   8.5598e-17  -1.0604e-21   2.9044e-12   3.7118e-17   5.7407e-11   9.0963e-19  -2.8619e-10  -3.2137e-12  -3.4142e-10  -6.9898e-13   3.6926e-17   4.0849e-11  -4.1944e-18  -4.6409e-18   1.1572e-15  -1.0319e-18   5.7678e-10  -4.7458e-15   2.2462e-15   2.4455e-14  -4.5284e-12  -1.4795e-11   1.5786e-19   8.1297e-21   1.4552e-15  -2.5023e-09   7.1850e-14   8.5515e-13  -1.1844e-11  -9.3969e-10   1.1082e-11   1.7713e-16   4.5328e-10  -1.2699e-17   2.7516e-10   1.4061e-20  -1.0772e-11  -7.2181e-14  -1.2315e-12  -6.9337e-10  -7.9222e-13   3.5536e-20   8.9381e-15  -5.2493e-14  -5.9092e-12   1.9037e-13  -8.7710e-16   3.9354e-10  -2.0373e-11  -2.1242e-19  -5.1703e-16   1.1279e-11  -3.7038e-14   7.9452e-10   6.5573e-12   4.2126e-12   2.5064e-14  -1.5125e-16  -2.7192e-11  -4.3850e-13  -8.9433e-15  -9.9958e-16   1.8124e-12   2.0112e-14   1.8546e-16   3.8378e-17   1.9397e-17   1.0555e-11  -2.3975e-19   2.2659e-10   2.5322e-19   7.9412e-10  -4.8488e-20  -5.0394e-14  -1.3104e-16   4.3738e-15  -2.6764e-13   3.5781e-14   9.0194e-14  -1.3990e-14  -8.1829e-11  -3.3476e-18   3.0882e-10   2.4847e-09  -2.2476e-13   4.2579e-14  -8.4666e-12
   6.6302e-14   1.2016e-17   4.7987e-14  -7.8780e-14  -9.7813e-13   3.8537e-10   7.1272e-16  -8.7882e-13  -2.6909e-09   5.7702e-10   6.5843e+02  -2.5563e-14   4.9704e-15  -1.9828e-16  -1.4022e-11  -1.0803e-09  -4.4248e-15  -2.4686e-10  -2.4430e-10   8.6543e-16  -6.5497e-11  -9.0438e-12  -1.3916e-15  -5.1851e-17  -1.8690e-10   2.2737e-12  -1.0998e-09   3.7441e-18   1.4723e-12   2.4081e-17  -4.0857e-09   1.0976e-15   6.8192e-10  -2.1899e-14   5.1417e-12   2.6343e-18   3.2349e-13   1.2311e-17  -1.1163e-20   3.0854e-17  -1.0365e-17   1.1784e-11  -2.8804e-19  -3.0254e-10  -3.6799e-18  -7.4972e-11  -4.0846e-19   2.0754e-13   2.5898e-09  -4.1196e-14   4.8823e-15  -6.2677e-13   6.3679e-12   5.1583e-10  -3.7442e-12  -2.1406e-11  -7.0383e-09  -7.0131e-11  -5.0315e-22   1.0761e-12   1.5919e-18   5.4551e-15   1.9139e-16  -6.4744e-11   2.6108e-09  -2.8645e-12  -3.3824e-10        0e+00   8.6375e-16  -1.5745e-10  -3.0618e-11  -7.8016e-17   2.7564e-14  -5.0836e-12  -2.0463e-14   4.9284e-13   1.7087e-11   2.8554e-17  -3.6360e-11  -8.2234e-09   4.6514e-16   1.1547e-12   2.9309e-13   2.2876e-09   2.3593e-14  -3.5744e-10   9.7183e-19   1.9093e-19  -7.3371e-13   2.0803e-12  -1.5867e-18  -5.1031e-09  -4.0010e-14   1.3195e-13  -2.3933e-10  -3.8316e-18   4.6978e-19   4.4653e-17   8.2705e-10
  -2.2706e-14  -2.0184e-21  -5.8337e-13   4.4683e-14  -7.8026e-16   3.9433e-12   1.1383e-11  -8.7396e-15  -8.1721e-14        0e+00  -2.5563e-14   1.5827e+03   1.5246e-14  -1.3028e-12   1.2427e-12  -2.1254e-12  -1.5750e-12  -7.4062e-09  -1.3690e-11   5.2789e-09   2.1975e-18   9.0865e-11   5.6831e-14   1.4452e-12  -1.0782e-12  -1.1413e-15   1.2756e-17  -1.1644e-17  -4.6259e-10  -1.7654e-14  -1.6342e-14   1.7338e-17  -1.0137e-15   1.0402e-17  -2.2940e-17   2.1511e-15  -8.0322e-19   7.4675e-16  -2.2592e-16  -5.6600e-09  -2.2461e-14  -8.6200e-11  -1.3152e-14   2.7218e-12  -2.2074e-14   7.4862e-16  -1.8888e-16  -1.6359e-11  -1.3472e-17  -4.0619e-14  -8.0190e-11  -6.8399e-17  -1.0084e-10  -1.5321e-10  -2.9967e-19  -1.0827e-12   2.7035e-09  -2.6854e-15   2.4405e-19   6.6068e-10   2.9021e-11  -1.2223e-12   2.1365e-13  -6.4054e-19  -9.9133e-14  -9.6117e-18   8.5328e-12  -4.0272e-09  -1.3776e-10   1.0659e-11  -2.0959e-10   1.9204e-21   2.8032e-12   1.1428e-15  -2.5762e-18   6.5296e-14  -4.9462e-11   4.5081e-12  -4.0176e-18  -2.2316e-22  -9.3335e-09   2.4949e-16  -2.0424e-10   2.3429e-14  -6.9769e-17   2.5808e-10   6.7042e-20  -1.7966e-12   6.6095e-09  -4.8530e-14   4.5670e-12  -2.6748e-10   1.4366e-18  -2.5985e-22  -1.8413e-17  -8.3390e-18  -1.6361e-09   1.3063e-10  -8.6375e-11
  -2.1391e-15  -3.8252e-20   2.3642e-12  -7.5790e-15   4.2711e-15  -1.8242e-18  -1.0121e-10   9.5611e-17  -6.9957e-16   8.5598e-17   4.9704e-15   1.5246e-14   2.9992e+00   1.3974e-15   1.8024e-19  -3.0034e-18  -9.6970e-09  -3.6048e-10  -3.3506e-18  -2.1314e-18  -2.5139e-09   5.2393e-12   4.4946e-20   1.2938e-15   2.3876e-16  -1.7926e-14   6.7063e-14  -1.0233e-18   2.1145e-11   1.0367e-17  -2.8389e-10  -2.6452e-15  -4.0930e-11  -1.2176e-13   2.7663e-18  -3.3119e-11  -5.0651e-10   5.1148e-14  -5.0613e-16  -4.3963e-11   9.8452e-09  -5.2257e-10  -1.8267e-09   1.3609e-12  -1.7351e-11   7.1066e-09  -6.6225e-14   4.4799e-17   3.5454e-14  -4.1015e-09   5.6405e-19  -4.0820e-09   7.6086e-11  -1.2904e-15  -2.8195e-13  -8.1627e-16   6.5324e-15   2.1371e-19   1.3362e-09   1.4151e-10   9.8910e-19  -5.0111e-14  -2.3882e-16  -4.2771e-13   1.4341e-15  -1.0401e-22   6.7684e-09   4.7559e-16   4.9101e-17   1.4227e-12   1.1856e-15  -2.3988e-16  -8.1645e-15   3.3576e-15   4.3918e-09   2.1852e-11   1.1922e-12  -9.7799e-22  -4.8603e-15   9.8921e-19  -1.7269e-18   2.3449e-17  -1.2282e-16  -2.8935e-17  -1.5200e-12   1.3097e-09   2.2923e-16   7.6471e-20  -1.8332e-16  -5.4600e-15   5.8412e-16   3.0357e-17  -3.4640e-09   9.2334e-10   3.0156e-15   5.5587e-15  -7.7184e-16   4.0505e-16   3.6601e-14
   4.6921e-10  -1.9668e-14   1.0076e-13  -1.9029e-12  -1.7233e-09   5.1760e-09   1.9273e-17  -2.4832e-09  -7.9384e-19  -1.0604e-21  -1.9828e-16  -1.3028e-12   1.3974e-15   8.3346e+02  -4.1787e-10   1.7758e-17   1.4781e-09   1.3639e-15  -3.4442e-12  -1.3798e-19  -1.6402e-17  -1.5485e-11   2.0109e-11   3.0577e-18   2.7038e-12  -3.8203e-20  -4.0918e-19  -4.0666e-09  -6.5461e-12  -3.6179e-10   2.4574e-16  -4.8117e-11  -1.9995e-13   2.5389e-14   2.5903e-13  -3.4013e-12  -6.8605e-14  -2.3096e-11   4.3751e-18   3.0955e-13  -6.2438e-15  -7.1397e-11   7.9046e-13  -1.4191e-12  -6.1190e-11   6.8175e-13   2.2005e-16  -4.3970e-20  -1.7405e-12  -3.0664e-11  -4.2686e-09   2.2973e-13  -9.6278e-13  -9.5976e-15  -5.9883e-09   3.5234e-14  -1.5630e-18  -6.1964e-15  -5.3967e-11  -4.3132e-19   7.6771e-21  -4.5484e-13   5.7762e-18   3.9283e-14   7.2146e-16  -1.3499e-13   1.8916e-20  -1.1249e-14  -8.2802e-11   2.0342e-09   3.4502e-18   3.9846e-11   4.1853e-18  -1.9240e-16  -1.2629e-11   4.1493e-09  -9.8786e-10  -9.5234e-18   6.0018e-12   2.0820e-20  -8.9524e-12  -1.1879e-09  -5.0531e-10  -3.0962e-10  -6.8195e-10   1.4239e-15   1.2669e-17   1.7261e-10  -4.9985e-15   4.3476e-09   8.5436e-12   8.0638e-13   1.2673e-14  -1.7739e-16   1.9901e-18   3.1739e-11   7.8171e-22   3.0392e-19   2.9133e-13
   1.4028e-12   4.5035e-12   1.4623e-14  -1.1680e-13  -9.4029e-13   1.0345e-19  -6.0495e-13   1.4620e-09   1.5370e-14   2.9044e-12  -1.4022e-11   1.2427e-12   1.8024e-19  -4.1787e-10   4.4516e+02  -3.9025e-10  -1.4875e-14   2.2802e-11   2.1529e-11  -4.8730e-17   3.9796e-12   1.4582e-09  -5.1107e-13  -1.3602e-09  -2.5661e-12  -3.9894e-09  -7.2588e-10   1.4462e-14   1.8655e-09   8.8146e-13   2.7888e-11  -2.6873e-11        0e+00  -1.0501e-13   1.0296e-09   2.8349e-09  -3.2385e-12  -4.6576e-12  -8.2853e-11  -3.3098e-13   6.0969e-09  -6.9517e-09   2.2687e-16  -1.0588e-12  -1.1266e-14  -2.1448e-20  -1.6788e-10   3.5709e-20   3.3133e-17   9.0229e-10   2.5161e-12  -2.6450e-14  -1.4683e-17  -4.0349e-13   1.3808e-20   3.8093e-11  -3.4614e-15  -4.5660e-09   3.6408e-10  -1.0419e-09  -3.8686e-09   1.1651e-14  -1.0275e-19   4.5782e-14  -6.6714e-18   4.3225e-18   1.7473e-10   2.7276e-15  -1.4168e-11  -4.5067e-17  -1.0667e-18   6.8069e-15  -2.3769e-19  -5.3608e-13   6.0277e-14  -1.6332e-14   1.3113e-18  -1.9124e-12  -1.6903e-09  -3.7873e-20  -6.9794e-12  -1.8289e-14   1.5376e-11  -1.2540e-16  -2.6724e-15  -5.2207e-11  -2.3788e-16   1.4460e-16  -1.6149e-14   8.2545e-19   7.6134e-16   8.9132e-10  -1.2707e-14  -9.2154e-14   8.3354e-10  -7.3149e-10  -1.1213e-19  -1.8078e-20   5.4326e-22
  -7.8266e-09  -8.4284e-16  -7.0693e-15  -3.8735e-09   1.3072e-09   1.0841e-11  -6.0283e-16  -3.6310e-15  -1.5634e-12   3.7118e-17  -1.0803e-09  -2.1254e-12  -3.0034e-18   1.7758e-17  -3.9025e-10   1.5423e+03   9.3134e-13  -7.0463e-14  -2.1140e-19  -2.5005e-17  -1.4342e-13   8.1018e-16   4.8984e-13  -2.1005e-16  -1.3762e-17  -2.8742e-15   1.8631e-09  -1.1565e-17   8.6317e-14   6.7529e-21  -5.2099e-17  -1.7340e-13  -2.7132e-13  -6.5176e-23  -1.9162e-17   1.2290e-10  -4.7655e-18   4.4423e-09  -4.9993e-18  -7.9233e-10  -7.2213e-20  -4.6740e-20  -5.2432e-10   5.0208e-10   4.5598e-16  -5.4076e-09  -1.7542e-11   2.9313e-18  -2.0143e-20   2.4744e-13  -2.7677e-10   6.2628e-14  -1.0606e-15   5.3719e-10  -7.2159e-14   1.1862e-10  -8.1036e-18  -1.3865e-11  -1.8185e-09  -2.6804e-10   3.1364e-09   7.4843e-19   1.1046e-16   8.0440e-13   3.8908e-13   3.2849e-19   1.0172e-10  -1.1414e-10  -2.3539e-15  -4.1426e-10   2.3480e-17  -5.4610e-14   1.5353e-19  -6.1207e-14  -2.0962e-10  -1.5046e-10   2.4164e-10  -5.6388e-18   2.1784e-10   1.7704e-12   1.6937e-12   2.4650e-15  -4.9099e-18   3.9388e-19   2.8342e-15   1.4370e-10  -1.0982e-13  -6.0655e-09  -2.4605e-12  -4.6980e-17  -3.6682e-11   7.0025e-20   9.8770e-20  -8.4343e-13   3.6019e-10   6.0040e-12   1.7124e-11  -6.0797e-14  -1.3308e-12
   5.7809e-10  -5.0535e-17  -3.4243e-10   4.4945e-16  -3.8871e-09        0e+00   6.6734e-18   3.0781e-11  -1.2872e-13   5.7407e-11  -4.4248e-15  -1.5750e-12  -9.6970e-09   1.4781e-09  -1.4875e-14   9.3134e-13   1.9044e+01   6.9525e-20  -5.4200e-17  -7.9311e-15   2.9662e-16  -6.0485e-15  -3.2667e-12   5.2758e-24   7.9890e-19   5.0193e-21  -3.4150e-18  -3.5406e-17  -9.7951e-13   1.2753e-18   6.7219e-12   2.8920e-10   3.1073e-09  -2.4226e-15  -1.3656e-09  -1.1501e-14  -2.5130e-11   1.6151e-17   4.5464e-16  -4.2334e-12  -5.2663e-11  -3.8655e-12  -1.9429e-09   3.2319e-13   1.9381e-17   4.8984e-11   1.4773e-11   1.6430e-12   1.5596e-13  -4.7217e-20   1.5230e-17  -9.3771e-17  -1.8297e-09   7.0962e-10  -2.9834e-09   2.2955e-18  -6.8691e-15   3.5518e-14  -3.8999e-18  -8.7115e-09  -4.6468e-15  -1.2515e-13  -3.9868e-16   3.1571e-09   9.5460e-12  -5.6531e-14   9.0441e-20  -2.0155e-09   2.6620e-12   8.9250e-15  -4.4709e-14   1.2198e-11   4.0904e-10   5.2270e-19  -2.2589e-19   4.7434e-09   6.2530e-13   1.0906e-17  -1.6335e-19   2.8929e-16   7.0535e-11  -1.2295e-12   8.1999e-18  -9.9543e-15  -2.3077e-16   6.7753e-20  -7.2614e-21   6.2047e-11  -2.7329e-10   8.0882e-11   6.1705e-19   1.6020e-15   1.4956e-13   2.7149e-16   3.4877e-19   9.3948e-15  -3.5497e-17   5.3106e-09  -7.0925e-19
  -6.4484e-11  -3.0026e-16   6.6985e-14   1.0070e-11  -3.8113e-10  -2.9140e-11  -2.4078e-10  -1.0770e-09  -4.6742e-16   9.0963e-19  -2.4686e-10  -7.4062e-09  -3.6048e-10   1.3639e-15   2.2802e-11  -7.0463e-14   6.9525e-20   1.2986e+03   1.1399e-12   1.4175e-14        0e+00   3.6739e-18   4.0506e-15   3.3172e-15   1.4549e-09   1.0372e-11  -5.9326e-13   3.4869e-09  -1.8304e-10  -1.9767e-12   1.8505e-19   8.2746e-09   4.1908e-09  -2.5982e-20  -1.7206e-14  -2.1278e-15   1.7315e-22   2.2071e-18   5.1057e-10   3.0341e-09  -1.9932e-21  -1.0320e-09   3.8168e-17   1.5214e-12  -1.8180e-13   2.5213e-15   3.5747e-19  -1.0478e-12  -6.0462e-19  -1.0420e-11   1.9940e-14  -2.1464e-12   5.6191e-14   6.6150e-11  -8.1483e-14  -2.5797e-12  -7.5911e-15  -1.6194e-13  -3.0989e-09   8.5595e-11   8.6661e-14  -7.1130e-13   1.2601e-16  -6.9882e-09   2.9034e-10   2.0132e-15   4.9558e-10   7.4637e-16   7.5098e-11  -2.3785e-14  -9.7911e-10   3.1121e-12   1.6789e-09  -1.8552e-12   9.6620e-16   4.7737e-20   1.0840e-19  -4.3069e-15  -2.0252e-14   9.5051e-10  -1.1641e-13  -1.5244e-11  -5.6956e-09   4.0753e-10   2.4977e-11   1.5133e-10   1.6134e-18   8.9284e-11  -4.5837e-18   2.4515e-17   5.4243e-09  -9.8906e-22  -1.8478e-18  -1.4673e-17  -4.0984e-13   1.4996e-15   3.4575e-19   6.6531e-12  -7.4667e-11
  -8.8480e-13   4.0017e-10        0e+00   7.1385e-20   1.1414e-14   4.0197e-15  -1.5804e-12  -2.7534e-12   1.4633e-17  -2.8619e-10  -2.4430e-10  -1.3690e-11  -3.3506e-18  -3.4442e-12   2.1529e-11  -2.1140e-19  -5.4200e-17   1.1399e-12   4.9063e+02   3.1228e-14   1.9379e-12   3.6232e-09  -2.4457e-15   3.4168e-16  -2.5376e-16   2.1841e-11   1.2661e-09  -5.3852e-10   4.9265e-20  -4.7314e-12   6.1293e-16  -9.0508e-20   5.5756e-11  -2.1407e-13   5.7625e-17   2.6479e-19   5.0497e-16   4.5218e-09  -1.1932e-10  -1.8537e-10  -1.4711e-09  -6.4290e-13   2.9587e-09  -1.2948e-14  -1.2368e-13  -5.3051e-12  -1.0946e-11  -1.4569e-12  -6.0635e-24   1.7373e-17  -1.4932e-12  -3.6411e-19   5.0670e-11   7.0639e-20   6.5701e-10  -2.2445e-18  -2.5987e-09   2.8363e-11  -1.6683e-14   1.3287e-24  -2.2879e-15   2.0993e-11  -4.2454e-17   2.0574e-12  -8.1614e-14   4.5274e-09  -2.1012e-20   5.0676e-12  -7.4265e-14  -1.6052e-21   2.0783e-11  -9.3542e-10   3.5335e-18   1.2001e-16   3.1192e-10  -5.4349e-11   1.4021e-12  -7.1136e-19   1.1315e-16  -2.2550e-14  -3.7823e-10  -8.0099e-12  -3.7353e-17   2.2910e-11   7.5934e-15   4.2602e-14  -1.3087e-19   4.6370e-14   6.9238e-12  -3.3641e-09  -1.7233e-17   7.6251e-18   3.9660e-19   2.1826e-14  -1.2309e-10  -2.1160e-15   8.9637e-13   1.5800e-15   2.5904e-12
   1.2655e-21  -2.8755e-11   1.7753e-14  -1.7152e-14   1.2883e-14   6.2057e-11   4.9264e-09   1.3905e-19  -1.4240e-11  -3.2137e-12   8.6543e-16   5.2789e-09  -2.1314e-18  -1.3798e-19  -4.8730e-17  -2.5005e-17  -7.9311e-15   1.4175e-14   3.1228e-14   1.5972e+03   5.6719e-09   8.2389e-19  -5.5520e-12  -9.4552e-15   1.0737e-18   5.3989e-12  -3.9445e-12   7.8562e-13   4.7126e-09   2.1186e-14  -4.0717e-11   1.0697e-17  -3.7274e-14   1.1195e-12  -2.7222e-14   7.6799e-13   3.4943e-18  -4.8847e-12   4.2046e-16   1.1825e-18   1.0065e-09   3.7029e-15   2.8934e-09  -5.5778e-11   2.3653e-14  -3.0539e-11  -2.5775e-11   8.9302e-10   1.7944e-11  -7.7357e-16   1.9694e-16  -1.0346e-14  -4.5615e-16  -4.8264e-12   4.0835e-09  -9.6429e-09   9.5053e-15  -4.4742e-09   4.7643e-19  -2.2211e-17   7.0891e-12   6.9131e-11  -3.0232e-11   3.2434e-11   1.2138e-13  -1.8850e-13  -3.3299e-14  -2.4151e-13  -2.0891e-18   3.3113e-09  -7.2609e-15  -1.2975e-18   7.8954e-15  -2.1349e-15   1.9531e-14   1.0196e-18  -1.9898e-15  -4.3469e-13  -9.0897e-14   8.6553e-10  -3.4375e-18  -1.8246e-09   2.5115e-16  -4.1511e-16   1.4660e-18   1.6052e-14   4.5746e-15  -2.6711e-12        0e+00   1.1284e-13   6.5372e-09  -1.0590e-14   4.2042e-09   7.2475e-14  -1.3672e-15  -1.7356e-14  -1.6718e-16   1.4313e-25  -1.6045e-12
  -7.2528e-09   1.4553e-09   2.6775e-16  -2.3637e-10   8.3328e-09   4.0761e-17   1.4654e-16  -2.5959e-16  -1.8380e-10  -3.4142e-10  -6.5497e-11   2.1975e-18  -2.5139e-09  -1.6402e-17   3.9796e-12  -1.4342e-13   2.9662e-16        0e+00   1.9379e-12   5.6719e-09   1.4676e+02  -6.8200e-23  -3.2954e-10  -1.9773e-10   2.2950e-14  -3.2626e-09  -2.3261e-13  -8.7983e-12   1.4752e-10  -3.8890e-10  -5.3754e-11  -1.4646e-18  -2.0914e-16  -3.3764e-09   3.0623e-10  -1.7303e-12   1.9367e-11  -1.4192e-17   1.4493e-17  -4.3909e-09   3.7465e-13  -1.4264e-10   5.0519e-09   1.0760e-11   1.3395e-10   1.2280e-10   5.3964e-14  -3.4054e-09  -1.8221e-14  -1.3809e-12   1.5883e-11  -1.2573e-12   1.0052e-10  -2.2548e-15   5.9778e-15  -7.9069e-12  -4.8106e-10  -2.2156e-13   4.8156e-12   1.7498e-09   2.3524e-19  -5.6769e-11  -1.9261e-12   9.0748e-14   3.8569e-10  -7.2954e-19   6.5641e-12   7.6157e-14  -2.9143e-19  -8.1946e-16   7.5723e-19   1.4411e-14  -1.3660e-16  -4.0674e-13   4.2720e-15  -2.1157e-20   6.8450e-17   4.6550e-12   2.0372e-09  -1.1710e-10  -4.4773e-10  -1.8487e-12  -4.7011e-16   1.1985e-18  -5.5280e-13  -2.8131e-12  -4.7628e-16   2.3675e-13  -3.8287e-13  -1.4474e-20  -1.2608e-10   4.1036e-10   1.3182e-11  -6.0079e-16  -7.4864e-11   3.8621e-15   3.0974e-09   9.5931e-19  -1.2790e-16
   3.0549e-13  -3.7453e-15   3.0036e-14   7.8731e-17   5.6010e-10  -9.3018e-09  -6.4584e-17  -4.1902e-14  -1.7352e-12  -6.9898e-13  -9.0438e-12   9.0865e-11   5.2393e-12  -1.5485e-11   1.4582e-09   8.1018e-16  -6.0485e-15   3.6739e-18   3.6232e-09   8.2389e-19  -6.8200e-23   1.0315e+03   5.4275e-09  -3.1819e-09   5.6552e-10  -1.0811e-09   3.5497e-13   2.2292e-15   1.0240e-18  -5.5419e-15  -3.7903e-13  -6.0415e-10   1.3076e-10   1.7049e-13   8.5048e-09   2.0698e-15  -7.6471e-12  -2.6185e-12   1.6503e-18   5.2980e-09   2.4467e-13  -3.6282e-14   3.9896e-18  -4.0404e-09  -6.9627e-10   1.0409e-10   6.1398e-13  -4.0936e-18   1.3852e-10   2.9301e-19  -2.7319e-17  -5.4552e-11  -1.2070e-16  -4.1259e-10   3.1867e-14  -1.6281e-12   1.6041e-10   4.0856e-13   8.3334e-17  -1.3667e-11   1.4383e-11  -2.5261e-11   3.9019e-14  -1.6690e-16   7.7490e-15  -4.2287e-15  -1.1718e-18   2.1167e-14  -4.7233e-15  -1.4776e-12  -1.1145e-12   5.9475e-11  -4.4196e-20   2.2040e-11   2.7643e-14  -3.1255e-16  -8.5921e-09   4.1849e-11  -7.2844e-15   4.7952e-10   6.1852e-14  -9.3034e-21   2.2957e-16   1.6674e-16   1.0504e-15  -1.8805e-21  -1.1733e-11        0e+00   1.2522e-17   1.7463e-12  -1.0019e-13  -3.7359e-19   6.0361e-11   6.7582e-16   1.6666e-18  -4.4386e-19   8.3201e-18  -4.6192e-19   4.4133e-19
   1.8769e-11  -1.2433e-10  -5.7661e-13   7.6411e-16  -2.1204e-10  -7.5594e-13   3.2925e-18   2.5303e-11   8.5742e-11   3.6926e-17  -1.3916e-15   5.6831e-14   4.4946e-20   2.0109e-11  -5.1107e-13   4.8984e-13  -3.2667e-12   4.0506e-15  -2.4457e-15  -5.5520e-12  -3.2954e-10   5.4275e-09   2.6074e+02  -1.3245e-12   2.9512e-09   3.5688e-11   5.2206e-19  -2.9421e-20  -1.0657e-10   4.9046e-09   4.6434e-14  -4.7245e-15   6.0244e-16  -4.2836e-17   1.5034e-16   1.2744e-16   8.9551e-19  -1.5990e-13  -4.2881e-12  -1.3941e-10   1.8229e-16   1.2049e-13   1.9988e-14   4.7321e-11  -6.0159e-17   2.5522e-11   5.3271e-21   1.4557e-19  -3.3289e-10   2.8879e-15  -2.0518e-10   3.3066e-19   1.3063e-19  -7.9439e-09  -6.3206e-12  -2.6858e-13   5.9230e-13   6.7942e-19  -8.3783e-13  -7.1538e-19   2.0815e-11  -1.4184e-15  -2.0010e-18  -2.0613e-10   5.3551e-15   4.3421e-09  -9.0798e-12   6.7091e-15   2.6813e-12  -3.0017e-15  -1.4935e-18   1.3914e-11  -2.7858e-12   3.2707e-09  -2.8611e-14  -3.0133e-13   2.7165e-14  -2.2282e-16   4.1478e-10   3.9666e-10  -1.7093e-11   4.5289e-10   1.6401e-17  -9.5028e-12  -3.2952e-11   1.4855e-18  -1.6075e-09  -5.6776e-09  -2.1324e-18   6.9384e-12   1.2773e-10  -2.1158e-14   8.9996e-16   9.8133e-09  -2.7825e-12   1.6301e-13   3.4455e-12  -1.9198e-11  -7.8156e-11
  -2.9175e-09   1.6511e-11  -5.1591e-17   1.4134e-17   2.0643e-12   3.2269e-13   3.0563e-10   5.3162e-09  -4.0476e-14   4.0849e-11  -5.1851e-17   1.4452e-12   1.2938e-15   3.0577e-18  -1.3602e-09  -2.1005e-16   5.2758e-24   3.3172e-15   3.4168e-16  -9.4552e-15  -1.9773e-10  -3.1819e-09  -1.3245e-12   1.4555e+03   2.3830e-12   2.9286e-19  -3.1924e-11  -9.0037e-09  -6.7325e-12  -1.2413e-10  -2.4625e-13   4.5757e-16   9.2640e-11  -5.9236e-09  -3.7686e-09  -1.6228e-09   1.2599e-18  -2.4306e-20   3.8940e-09   2.1193e-12   5.9864e-13  -1.9405e-16   5.6811e-20  -8.4854e-11  -3.0504e-14   1.1860e-15   9.0476e-19  -6.9038e-14   9.2135e-21  -7.8629e-15  -5.4011e-11  -1.0686e-10  -5.0248e-10  -8.8272e-13   4.9472e-15  -1.8137e-09  -1.9211e-10   1.7977e-12   2.4346e-14   3.9211e-16   2.4474e-10   3.1810e-14   3.5126e-10   3.9300e-15   2.1070e-20   4.5873e-12  -5.5205e-12  -7.2342e-17   3.5083e-11  -4.7853e-15   9.9658e-10  -2.5339e-19  -7.4651e-10  -1.8543e-13   1.4287e-12  -1.0203e-20   1.8957e-12  -1.5903e-22   2.5446e-12   1.0859e-18   6.5365e-12  -1.4909e-11   5.2834e-16   2.6323e-17  -3.6772e-14   9.2464e-18  -3.8973e-19   1.4595e-13   3.3837e-19   4.0391e-12   1.3081e-12   5.6264e-10   3.2713e-11  -7.0252e-17   3.0039e-09  -5.4952e-15  -4.2729e-17  -3.1340e-12   8.5145e-15
   2.0460e-16  -8.6976e-14   7.7418e-11   4.1521e-09  -4.9378e-12   7.8965e-10   5.1082e-10  -1.9472e-13   2.2320e-18  -4.1944e-18  -1.8690e-10  -1.0782e-12   2.3876e-16   2.7038e-12  -2.5661e-12  -1.3762e-17   7.9890e-19   1.4549e-09  -2.5376e-16   1.0737e-18   2.2950e-14   5.6552e-10   2.9512e-09   2.3830e-12   2.2521e+02   1.5178e-10  -5.4101e-16  -4.6412e-14  -1.6875e-13  -1.5678e-14  -2.8107e-09  -1.1152e-11   4.1479e-12  -9.2284e-17   2.3600e-15   2.3029e-19   2.9394e-19   3.3190e-18  -1.2116e-17  -1.6547e-11   7.7216e-20   5.5330e-18  -4.5673e-12   1.3733e-14   6.6691e-16   1.4718e-09  -3.1552e-10  -6.0105e-15   6.7607e-13   3.0130e-10  -7.8292e-17   1.3458e-09  -1.0503e-11   3.4428e-13   1.4341e-13  -1.5153e-11   4.4926e-19   1.5982e-15  -1.2857e-10   2.6904e-11   2.4444e-09   5.2760e-11  -2.3358e-12  -2.0390e-17  -3.8985e-14  -1.2522e-09   9.4095e-12  -2.3574e-16  -9.3406e-15   1.5527e-15   1.3174e-17   1.8792e-16  -7.4140e-21  -2.1416e-16   2.8212e-13   3.3844e-15  -6.7597e-17   2.7193e-20        0e+00   3.6140e-22   3.9423e-12  -5.7247e-12   1.6459e-15  -6.8792e-14   6.7792e-11   4.5331e-11  -5.9698e-09  -3.7015e-10  -1.9539e-11   1.6111e-10   1.2019e-17   3.2729e-16   2.3796e-18  -3.2863e-09  -4.1959e-18  -2.6834e-09   3.8295e-09  -5.1502e-13   1.8289e-09
   2.0719e-12   1.6059e-18   9.7948e-12  -3.8023e-13  -1.6910e-13  -2.2835e-14  -4.0773e-17   3.7469e-16   8.0657e-13  -4.6409e-18   2.2737e-12  -1.1413e-15  -1.7926e-14  -3.8203e-20  -3.9894e-09  -2.8742e-15   5.0193e-21   1.0372e-11   2.1841e-11   5.3989e-12  -3.2626e-09  -1.0811e-09   3.5688e-11   2.9286e-19   1.5178e-10   1.2580e+03  -5.2337e-10   2.0866e-11   8.2046e-09  -3.4033e-14   2.4203e-18  -6.5543e-21  -3.1373e-10  -2.4036e-13   3.8962e-11   2.9595e-19   1.9749e-22  -3.2271e-12  -1.8189e-13  -9.4325e-15  -3.5750e-14  -4.6282e-13   2.6757e-18  -6.4186e-18  -1.3980e-13   5.2047e-10  -8.3816e-09   1.1775e-13   2.0151e-11   3.5593e-14   1.5601e-14  -8.1162e-12   2.6675e-10  -2.0734e-10  -9.4133e-19   2.7367e-13   6.6044e-10   1.9975e-11  -9.2444e-20  -2.5583e-14  -1.9186e-14  -6.3165e-17  -1.5483e-12   1.9046e-09   1.1266e-11   2.6419e-21   1.7514e-09  -4.7554e-16   2.6205e-13  -1.1729e-12   1.7998e-11  -8.7123e-10   3.1426e-11  -5.2338e-16  -3.0109e-19  -2.7415e-09  -5.6876e-15   5.9223e-09   3.2023e-15  -7.0214e-17  -2.5449e-11  -7.7638e-10   2.4341e-14  -1.5555e-11  -1.9717e-18  -3.6892e-10  -6.8655e-10  -3.8496e-09  -2.9987e-09   1.4163e-16  -1.0201e-10   2.1758e-17   8.3212e-19   1.8435e-16  -2.1143e-16   2.0550e-13  -2.3653e-09  -1.7694e-12  -1.0499e-11
  -1.1086e-11   3.1702e-10  -3.3552e-16  -4.4327e-11   7.7086e-11   1.0816e-09  -1.9090e-16  -1.2668e-13   3.8925e-10   1.1572e-15  -1.0998e-09   1.2756e-17   6.7063e-14  -4.0918e-19  -7.2588e-10   1.8631e-09  -3.4150e-18  -5.9326e-13   1.2661e-09  -3.9445e-12  -2.3261e-13   3.5497e-13   5.2206e-19  -3.1924e-11  -5.4101e-16  -5.2337e-10   7.3305e+02  -5.0251e-13   7.6594e-13   4.9043e-10  -3.4812e-16  -2.9295e-16  -1.5996e-10  -1.1033e-12  -2.4565e-11   8.4753e-10   5.7434e-13   1.4595e-19   7.2785e-10   6.7068e-12   3.0526e-15   1.4422e-13   2.1984e-10  -1.8958e-18   1.3869e-12   2.4647e-14   2.6320e-15  -5.7990e-14   4.0992e-16  -5.5790e-11  -9.2729e-15  -5.9116e-13  -3.6183e-14  -2.2484e-16   1.7752e-14   3.4801e-18  -1.5539e-14  -2.8020e-09  -6.2432e-11   7.9689e-16   1.9074e-12  -6.8663e-18  -1.2635e-11  -8.5534e-18  -4.8475e-22   5.2137e-09   9.0779e-13   1.9931e-13   8.7880e-18  -1.7766e-10   2.9162e-18  -2.5500e-16   9.5121e-10   5.7125e-13  -4.8472e-16   9.7112e-19   2.4738e-17  -3.8037e-12  -3.5943e-15  -2.0558e-14  -1.1823e-10  -2.3925e-14  -4.7665e-22  -1.1429e-15   2.1632e-11   6.6860e-12   3.7217e-10   6.5752e-14   9.9823e-16  -1.9545e-13  -1.3118e-16  -1.1726e-12   2.4736e-13   1.5433e-09  -1.6310e-18   1.8376e-10   1.8106e-15  -1.5611e-13  -1.7314e-13
   2.9702e-12  -3.3897e-21  -4.3139e-19   2.7754e-17  -1.1505e-09  -6.1208e-25  -1.3276e-14  -2.3038e-13   5.2184e-17  -1.0319e-18   3.7441e-18  -1.1644e-17  -1.0233e-18  -4.0666e-09   1.4462e-14  -1.1565e-17  -3.5406e-17   3.4869e-09  -5.3852e-10   7.8562e-13  -8.7983e-12   2.2292e-15  -2.9421e-20  -9.0037e-09  -4.6412e-14   2.0866e-11  -5.0251e-13   1.5608e+03   1.2550e-10   1.1814e-17   6.7439e-10   2.0708e-13  -4.2700e-11  -2.1803e-13   1.9759e-09   1.0047e-17  -3.4237e-14  -9.0811e-09   1.9118e-12   2.0363e-13  -4.4179e-11   6.1298e-19  -2.5448e-11   8.5369e-16  -1.2287e-09   2.0751e-12  -4.2731e-11   9.3961e-16   1.1443e-15   4.5172e-11   7.2089e-18  -1.0384e-10   3.8031e-10   6.1366e-12   1.4777e-11  -8.6923e-12  -3.6808e-15   2.2099e-11  -1.1051e-10   2.0017e-17  -2.7782e-15   1.6721e-13   6.6663e-10  -9.7871e-10  -9.7844e-15   1.2350e-10  -1.7371e-12   6.5392e-09  -5.9466e-15   1.3238e-19        0e+00  -1.2947e-11  -9.0381e-12   2.1502e-15   9.4860e-09   3.6517e-13  -3.1742e-12   8.3155e-15  -2.6651e-18  -1.9103e-15  -1.7216e-20  -9.6620e-09  -6.2153e-14   1.2370e-19  -3.2511e-14   2.5194e-16   1.4009e-11  -1.4427e-15  -2.3059e-11   4.8157e-13  -4.5522e-14  -2.7650e-13   4.2836e-13   4.0504e-12   2.7769e-17   4.3644e-15   9.6193e-13   1.1537e-14   4.0113e-15
   4.2647e-10  -6.2610e-09   2.6120e-10  -1.3024e-10   7.6931e-11   3.0363e-10  -2.1125e-16   3.4316e-14   1.1333e-10   5.7678e-10   1.4723e-12  -4.6259e-10   2.1145e-11  -6.5461e-12   1.8655e-09   8.6317e-14  -9.7951e-13  -1.8304e-10   4.9265e-20   4.7126e-09   1.4752e-10   1.0240e-18  -1.0657e-10  -6.7325e-12  -1.6875e-13   8.2046e-09   7.6594e-13   1.2550e-10   6.9961e+00  -3.4560e-21   4.1670e-19  -2.1904e-12  -2.5647e-15  -9.2722e-12   4.5389e-11   1.2041e-14  -1.3001e-15  -2.3937e-09   3.2843e-09   1.4995e-17  -5.7272e-20   3.8807e-13   2.7292e-16  -4.7327e-10   5.8479e-16   1.2448e-15  -6.7636e-09  -7.2839e-10  -2.8957e-10   2.5249e-12   4.9760e-10   5.3793e-13  -3.7683e-18  -8.2545e-15  -3.4312e-19   2.8158e-20  -3.6496e-19  -1.2373e-13  -1.3076e-16  -1.3463e-15  -2.1579e-14   3.7363e-11  -2.8591e-11  -1.6060e-15   4.3918e-17   6.5321e-11   3.5565e-18   1.0740e-13  -2.7939e-16   4.3558e-11  -3.2173e-19  -1.5871e-13  -2.8145e-21   2.5748e-16   7.6564e-19  -7.1047e-14  -1.4289e-09   1.8393e-12  -2.5673e-14  -2.4074e-10  -2.8325e-09  -8.3778e-21   1.1452e-09  -2.6715e-19   1.0675e-12  -4.3159e-12   4.0461e-11   2.7377e-14   1.4767e-12  -5.9058e-22  -1.7721e-12   1.2813e-13   4.7868e-11   1.2410e-13   9.0080e-09  -8.3705e-14  -2.9925e-11   1.4863e-16   1.6306e-13
  -1.1548e-13   3.1750e-14   6.4632e-12  -2.0325e-11   3.8210e-11  -9.5298e-12  -8.6120e-12   4.2546e-12  -2.9980e-20  -4.7458e-15   2.4081e-17  -1.7654e-14   1.0367e-17  -3.6179e-10   8.8146e-13   6.7529e-21   1.2753e-18  -1.9767e-12  -4.7314e-12   2.1186e-14  -3.8890e-10  -5.5419e-15   4.9046e-09  -1.2413e-10  -1.5678e-14  -3.4033e-14   4.9043e-10   1.1814e-17  -3.4560e-21   8.5856e+02  -2.6074e-12  -7.3978e-17   3.9644e-18  -6.7074e-18  -2.3439e-12  -1.9459e-19  -8.6803e-19   1.0604e-13   4.1690e-09  -6.3439e-12  -1.6176e-15  -1.1578e-14  -3.2126e-13  -3.9065e-11   1.6420e-13  -3.0259e-11  -1.0711e-17   1.0405e-14  -2.8627e-11        0e+00  -1.9573e-19  -5.6035e-11  -5.0880e-15  -1.2814e-17   1.0771e-13   1.1772e-11   3.6950e-09   6.8850e-14  -6.2018e-13  -4.4556e-10   4.3142e-13   1.6920e-14   4.3147e-15  -7.8383e-13   3.3313e-14   2.0103e-09   2.7133e-12  -5.5885e-16  -8.9682e-13  -2.7447e-14  -1.6953e-18  -2.1429e-09  -4.6711e-12  -1.3130e-13   9.1870e-09   2.7983e-13   5.0749e-19   4.1942e-10   9.9118e-25  -2.0766e-09   3.4266e-11  -3.3821e-11   4.7844e-16   2.0621e-20   3.9354e-18   5.6883e-19  -4.2722e-09   7.7097e-12   2.5567e-12  -9.2680e-19   4.7822e-12  -1.1643e-09  -2.5332e-09  -1.5835e-09  -3.4348e-10   1.5123e-11   4.2274e-10   5.0209e-12   2.7603e-18
  -1.1052e-18   5.7791e-16  -2.0964e-26  -6.0848e-15  -3.2267e-11   3.2874e-14   2.1172e-24   2.9472e-13  -1.0829e-12   2.2462e-15  -4.0857e-09  -1.6342e-14  -2.8389e-10   2.4574e-16   2.7888e-11  -5.2099e-17   6.7219e-12   1.8505e-19   6.1293e-16  -4.0717e-11  -5.3754e-11  -3.7903e-13   4.6434e-14  -2.4625e-13  -2.8107e-09   2.4203e-18  -3.4812e-16   6.7439e-10   4.1670e-19  -2.6074e-12   4.6773e+02  -9.9218e-21  -3.7049e-19   5.6119e-10  -9.0051e-13  -1.5040e-14  -1.7751e-18   1.4110e-14  -4.4154e-11   8.9334e-21  -6.4707e-17   6.2284e-19  -1.7786e-17   4.0656e-10  -1.3073e-12   1.4806e-14  -4.4083e-09   2.0498e-20  -4.0536e-15  -2.4145e-12   6.0821e-16  -7.5562e-12   8.2947e-10  -5.4000e-10  -8.3509e-15   7.2534e-11   3.6710e-15  -1.5201e-13  -7.5562e-10  -1.1984e-10  -8.6321e-12  -2.6217e-15   6.2713e-20  -1.3949e-13   3.0851e-15   8.5966e-13   3.2899e-13   3.5838e-15   1.5847e-14   1.1689e-14   6.2620e-18   7.2554e-09   9.6657e-15   2.5754e-11   8.1311e-18   5.6627e-17  -5.2779e-18   5.0249e-12  -1.6462e-11  -2.4146e-12   7.6776e-11   1.4477e-23   2.1138e-17   6.1449e-19   2.9164e-15   4.6738e-15   1.4847e-10  -5.4159e-16   4.7528e-14  -1.2134e-14   1.7742e-09   1.1157e-14  -9.7230e-09   1.1678e-18  -5.4566e-11   3.6914e-14   2.9334e-19  -5.4866e-13   8.4906e-15
