   2.0000e-02        0e+00  -7.0862e-27   3.5714e-12  -7.9365e-17   5.2309e-22   2.3125e-28   1.2454e-32  -4.8177e-39
        0e+00   4.0002e+02   1.5212e-21  -4.5332e-26  -4.4444e-12   1.5152e-17   1.7205e-22  -4.4092e-28   1.1313e-33
  -7.0862e-27   1.5212e-21   9.0002e+02  -4.4444e-12  -6.8587e-28   1.2987e-12  -1.8107e-17   8.5034e-23   5.8918e-29
   3.5714e-12  -4.5332e-26  -4.4444e-12   1.6000e+03  -1.1933e-22  -8.8183e-29  -1.7094e-12   3.7037e-18   3.7136e-23
  -7.9365e-17  -4.4444e-12  -6.8587e-28  -1.1933e-22   2.5000e+03  -1.7094e-12  -1.2688e-28   6.0606e-13  -6.0903e-18
   5.2309e-22   1.5152e-17   1.2987e-12  -8.8183e-29  -1.7094e-12   3.6000e+03  -1.0257e-23        0e+00  -9.0498e-13
   2.3125e-28   1.7205e-22  -1.8107e-17  -1.7094e-12  -1.2688e-28  -1.0257e-23   4.9000e+03  -9.0498e-13        0e+00
   1.2454e-32  -4.4092e-28   8.5034e-23   3.7037e-18   6.0606e-13        0e+00  -9.0498e-13   6.4000e+03  -2.6934e-24
  -4.8177e-39   1.1313e-33   5.8918e-29   3.7136e-23  -6.0903e-18  -9.0498e-13        0e+00  -2.6934e-24   8.1000e+03


