   1.0000e+00  -2.5000e-05   2.2222e-10  -2.9762e-15  -1.9841e-20  -1.3528e-25   7.5156e-31  -3.2210e-36  -1.5658e-41
   2.5000e-05   1.0000e+00  -2.0000e-05   1.1905e-10   1.7857e-15   5.4113e-21  -6.7641e-26   1.2884e-31   1.4092e-36
   2.7778e-10   2.0000e-05   1.0000e+00  -1.4286e-05   6.9444e-11  -6.4935e-16  -2.6305e-21  -1.5461e-26   5.4801e-32
   3.9683e-15   1.6667e-10   1.4286e-05   1.0000e+00  -1.1111e-05   4.5455e-11   4.2088e-16   1.0823e-21  -8.7682e-27
  -1.6534e-29  -1.3228e-15   8.9286e-11   1.1111e-05   1.0000e+00  -9.0909e-06   3.2051e-11  -2.1645e-16  -6.6774e-22
  -1.5031e-34  -1.2025e-20   8.1169e-16   5.5556e-11   9.0909e-06   1.0000e+00  -7.6923e-06   2.3810e-11   1.6026e-16
        0e+00        0e+00        0e+00  -3.4965e-16   3.7879e-11   7.6923e-06   1.0000e+00  -6.6667e-06   1.8382e-11
        0e+00        0e+00        0e+00  -2.3310e-21   2.5253e-16   2.7473e-11   6.6667e-06   1.0000e+00  -5.8824e-06
        0e+00        0e+00        0e+00        0e+00        0e+00  -1.4006e-16   2.0833e-11   5.8824e-06   1.0000e+00

